41,36
34,1
34,3
33,5
33,1
33,3
32,1
32,3
40,12
40,11
40,9
40,10
36,5
36,1
36,3
30,5
40,8
40,5
40,4
40,1
40,13
40,3
41,35
30,4
30,1
30,3
29,4
29,1
29,3
38,111
38,110
38,109
38,108
38,107
38,106
38,105
38,104
38,103
38,102
38,101
38,100
38,99
38,98
38,97
38,96
38,95
38,94
38,93
38,92
38,91
38,90
38,89
38,88
38,87
38,86
38,85
38,84
38,83
38,82
38,81
38,80
38,79
38,78
38,75
38,74
38,76
38,16
38,15
38,14
38,13
38,7
38,5
38,6
38,77
3,2
10,197
10,253
10,73
10,193
10,13
10,19
10,201
10,257
10,2
10,3
9,2
9,3
8,14
8,2
8,3
20,2
12,3
20,1
12,2
20,3
12,1
11,28
11,27
11,26
11,25
11,24
11,23
11,22
11,21
11,20
11,19
11,17
11,15
11,12
11,11
11,8
11,7
11,6
19,2
11,5
11,3
19,1
11,2
19,3
11,1
10,309
10,308
10,307
10,306
10,305
10,304
10,303
10,302
10,301
10,300
10,299
10,298
10,297
